4955156
4955156
4955159
4955154
4955156
4955142
4955132
4955132
4955132
4955132
4955128
4955132
4955130
4955131
4955131
4955132
4955131
4955132
4955131
4955132
4955131
4955133
4955130
4955132
4955131
4955132
4955132
4955132
4955132
4955132
4955131
4955133
4955132
4955132
4955132
4955131
4955131
4955131
4955131
4955131
4955131
4955131
4955131
4955132
4955132
4955131
4955133
4955132
4955132
4955132
4955132
4955132
4955132
4955131
4955133
4955131
4955132
4955132
4955131
4955133
4955132
4955130
4955132
4955132
4955133
4955132
4955131
4955132
4955132
4955132
4955132
4955133
4955134
4955134
4955132
4955134
4955133
4955133
4955132
4955133
4955132
4955132
4955132
4955133
4955131
4955132
4955131
4955129
4955130
4955131
4955131
4955129
4955132
4955132
4955130
4955132
4955130
4955132
4955131
4955132
4955132
4955132
4955133
4955132
4955133
4955133
4955131
4955132
4955133
4955133
4955132
