4955728
4955729
4955730
4955730
4955729
4955730
4955730
4955730
4955729
4955730
4955730
4955730
4955730
4955731
4955730
4955730
4955731
4955731
4955730
4955732
4955731
4955731
4955732
4955732
4955733
4955729
4955732
4955731
4955733
4955731
4955731
4955732
4955732
4955732
4955733
4955732
4955733
4955733
4955733
4955735
4955731
4955733
4955733
4955734
4955733
4955734
4955734
4955734
4955734
4955734
4955734
4955735
4955733
4955734
4955736
4955733
4955735
4955734
4955734
4955735
4955735
4955735
4955735
4955734
4955735
4955736
4955734
4955735
4955732
4955729
4955715
4955690
4955683
4955685
4955686
4955688
4955690
4955691
4955691
4955690
4955691
4955691
4955692
4955689
4955691
4955691
4955690
4955691
4955691
4955689
4955690
4955691
4955690
4955689
4955690
4955690
4955689
4955689
4955686
4955685
4955682
4955693
4955189
4955690
4955689
4955683
4955684
4955681
4955679
4955680
4955680
4955676
4955677
4955676
4955674
4955676
4955673
4955675
4955674
4955674
4955674
4955672
4955673
4955671
4955671
4955669
4955671
4955667
4955669
4955668
4955667
4955668
4955667
4955667
4955668
4955667
4955666
4955666
4955666
4955667
4955666
4955667
4955665
4955666
4955665
4955666
4955667
4955666
4955666
4955666
4955666
4955666
4955669
4955664
4955666
4955666
4955666
4955666
4955667
4955666
4955666
4955667
4955668
4955667
4955668
4955668
4955669
4955667
4955666
4955668
4955667
4955669
4955668
4955668
4955669
4955669
4955669
4955669
4955668
4955670
4955667
4955669
4955669
4955669
4955669
4955671
4955669
4955669
4955671
4955671
4955671
4955670
4955670
4955672
4955670
4955672
4955671
4955673
4955672
4955672
4955674
4955672
4955673
4955675
4955673
4955673
4955673
4955674
4955675
4955675
4955677
4955673
4955676
4955676
4955676
4955678
4955674
4955676
4955677
4955677
4955677
4955678
4955677
4955679
4955677
4955676
4955678
4955677
4955678
4955678
4955678
4955677
4955679
4955678
4955679
4955679
4955679
4955681
4955678
4955680
4955682
4955681
4955681
4955681
4955682
4955682
4955682
4955682
4955683
4955682
4955684
4955681
4955683
4955683
4955684
4955683
4955684
4955685
4955685
4955685
4955685
4955686
4955686
4955686
4955687
4955687
4955686
4955687
4955687
4955687
4955688
4955686
4955688
4955688
4955689
4955687
4955689
4955688
4955689
4955691
4955689
4955690
4955691
4955690
4955691
4955691
4955691
4955691
4955694
4955690
4955692
4955692
4955692
4955694
4955691
4955691
4955695
4955692
4955695
4955692
4955695
4955694
4955695
4955696
4955695
4955695
4955698
4955694
4955696
4955697
4955696
4955697
4955697
4955697
4955698
4955698
4955698
4955700
4955699
4955699
4955699
4955702
4955698
4955700
4955700
4955701
4955700
4955700
4955701
4955700
4955700
4955701
4955701
4955700
4955700
4955701
4955700
4955702
4955700
4955702
4955702
4955702
4955700
4955701
4955703
4955701
4955702
4955703
