4955393
4955395
4955390
4955393
4955394
4955393
4955393
4955394
4955393
4955393
4955395
4955392
4955394
4955395
4955391
4955393
4955393
4955393
4955394
4955394
4955393
4955394
4955393
4955395
4955395
4955392
4955394
4955394
4955396
4955392
4955395
4955394
4955395
4955395
4955393
4955393
4955396
4955392
4955395
4955394
4955394
4955395
4955395
4955395
4955395
4955395
4955395
4955396
4955395
4955396
4955395
4955396
4955395
4955395
4955395
4955396
4955395
4955396
4955397
4955396
4955395
4955395
4955396
4955395
4955397
4955395
4955395
4955411
4955381
4955395
4955395
4955396
4955396
4955396
4955396
4955396
4955395
4955396
4955397
4955396
4955396
4955397
4955395
4955396
4955396
4955397
4955396
4955396
4955397
4955397
4955396
4955398
4955396
4955397
4955397
4955397
4955397
4955397
4955397
4955397
4955398
4955397
4955397
4955398
4955397
4955398
4955398
4955398
4955397
4955398
4955397
4955398
4955398
4955399
4955396
4955399
4955397
4955399
4955398
4955398
4955399
4955397
4955399
4955398
4955398
4955399
4955398
4955398
4955398
4955398
4955399
4955399
4955397
4955397
4955398
4955398
4955400
4955396
4955398
4955399
4955399
4955397
4955398
4955399
4955398
4955399
4955398
4955398
4955399
4955399
4955399
4955396
4955398
4955399
4955398
4955398
4955399
4955399
4955399
4955397
4955399
4955400
4955400
4955398
4955399
4955399
4955398
4955399
4955399
4955399
4955398
4955398
4955399
4955398
4955398
4955399
4955399
4955400
4955398
4955399
4955399
4955399
4955398
4955399
4955399
4955400
4955399
4955399
4955399
4955399
4955400
4955400
4955399
4955401
4955398
4955401
4955399
4955399
4955400
4955400
4955400
4955401
4955400
4955400
4955401
4955400
4955400
4955401
4955400
4955400
4955402
4955400
4955401
4955401
4955400
4955401
4955401
4955401
4955401
4955402
4955400
4955401
4955402
4955400
4955401
4955402
4955401
4955401
4955402
4955400
4955402
4955400
4955401
4955401
4955402
4955400
4955402
4955400
4955401
4955401
4955400
4955400
4955401
4955400
4955401
4955400
4955401
4955401
4955400
4955401
4955400
4955401
4955401
4955401
4955401
4955401
4955401
4955400
4955401
4955402
4955401
4955401
4955401
4955401
4955402
4955401
4955401
4955401
4955402
4955402
4955401
4955402
4955402
4955402
4955402
4955401
4955404
4955401
4955400
4955402
4955402
4955402
4955402
4955401
4955402
4955402
4955402
4955403
4955401
4955402
4955403
4955402
4955403
4955402
4955402
4955402
4955403
4955402
4955402
4955401
4955404
4955401
4955402
4955402
4955402
4955403
4955401
4955402
4955402
4955402
4955403
4955402
4955402
4955402
4955403
4955402
4955402
4955405
4955400
4955402
4955402
4955403
4955402
4955403
4955402
4955402
4955402
4955402
4955403
4955403
4955402
4955402
4955403
4955403
4955403
4955403
4955403
4955403
4955404
4955403
4955403
4955403
4955404
4955403
4955404
4955405
4955403
4955403
4955404
4955403
4955404
4955403
4955404
4955403
4955403
4955403
4955403
4955406
4955401
4955404
4955404
4955403
4955404
4955404
4955405
4955404
4955402
4955404
4955404
4955403
4955404
4955404
4955404
4955404
4955403
4955405
4955403
4955404
4955405
4955403
4955404
4955403
4955404
4955404
4955404
4955404
4955403
4955404
4955405
4955404
4955403
4955404
4955404
4955404
4955405
4955404
4955404
4955404
4955404
4955404
4955405
4955404
4955404
4955403
4955405
4955404
4955404
4955406
4955405
4955403
4955405
4955404
4955404
4955407
4955403
4955405
4955405
4955405
4955405
4955405
4955405
4955404
4955405
4955405
4955405
4955405
4955404
4955405
4955405
4955405
4955405
4955405
4955406
4955406
4955406
4955404
4955406
4955404
4955405
4955406
4955406
4955405
4955408
4955403
4955406
4955407
4955403
4955406
4955405
4955406
4955406
4955405
4955413
4955397
4955406
4955405
4955407
4955406
4955406
4955405
4955406
4955406
4955406
4955406
4955406
4955405
4955406
4955405
4955406
4955405
4955406
4955406
4955406
4955406
4955405
4955406
4955406
4955406
4955405
4955406
4955406
4955406
4955405
4955406
4955405
4955406
4955406
4955405
4955406
4955406
4955406
4955406
4955406
4955405
4955406
4955405
4955406
4955407
4955405
4955406
4955406
4955405
4955406
4955406
4955407
4955405
4955406
4955408
4955405
4955406
4955406
4955406
4955406
4955406
4955407
4955407
4955404
4955407
4955406
4955406
4955406
4955406
4955406
4955406
4955406
4955407
4955406
4955406
4955407
4955407
4955405
4955407
4955405
4955407
4955406
4955407
4955407
4955406
4955407
4955407
4955406
4955406
4955407
4955407
4955406
4955407
4955406
4955408
4955406
4955407
4955406
4955407
4955406
4955407
4955409
4955404
4955407
4955407
4955406
4955407
4955407
4955406
4955407
4955407
4955407
4955407
4955405
4955407
4955407
4955406
4955407
4955407
4955406
4955407
4955406
4955407
4955406
4955407
4955406
4955407
4955406
4955409
4955404
4955407
4955407
4955407
4955408
4955405
4955406
4955408
4955406
4955407
4955407
4955407
4955406
4955407
4955407
4955407
4955408
4955406
4955407
4955407
4955406
4955407
4955407
4955407
4955406
4955407
4955407
4955407
4955407
4955406
4955407
4955407
4955407
4955407
4955408
4955406
4955407
4955408
4955407
4955407
4955408
4955407
4955408
4955408
4955408
4955407
4955408
4955407
4955408
4955407
4955408
4955407
4955408
4955408
4955406
4955409
4955407
4955406
4955407
4955408
4955407
4955431
4955385
4955407
4955408
4955407
4955408
4955406
4955408
4955407
4955407
4955407
4955407
4955407
4955408
4955407
4955407
4955408
4955407
4955408
4955408
4955407
4955407
4955408
4955408
4955408
4955406
4955410
4955405
4955408
4955408
4955408
4955407
4955408
4955408
4955407
4955410
4955407
4955407
4955408
4955409
4955409
4955407
4955410
4955406
4955408
4955409
4955408
4955408
4955409
4955408
4955409
4955408
4955410
4955407
4955408
4955407
4955408
4955410
4955407
4955408
4955408
4955408
4955409
4955408
4955407
4955410
4955406
4955410
4955406
4955409
4955407
4955409
4955407
4955408
4955409
4955408
4955408
4955408
4955408
4955408
4955408
4955408
4955408
4955408
4955408
4955408
4955409
4955407
4955408
4955408
4955408
4955410
4955406
4955408
4955409
4955407
4955412
4955404
4955408
4955408
4955409
4955409
4955407
4955408
4955409
4955408
4955410
4955406
4955408
4955409
4955408
4955408
4955409
4955407
4955409
4955408
4955408
4955408
4955409
4955408
4955408
4955408
4955411
4955407
4955408
4955408
4955409
4955408
4955408
4955409
4955408
4955408
4955409
4955409
4955408
4955408
4955409
4955408
4955409
4955408
4955409
4955408
4955409
4955408
4955409
4955408
4955409
4955409
4955409
4955409
4955409
4955410
4955407
4955410
4955407
4955409
4955409
4955410
4955410
4955406
4955409
4955409
4955410
4955407
4955409
4955409
4955409
4955410
4955407
4955409
4955409
4955409
4955410
4955407
4955409
4955409
4955410
4955408
4955409
4955409
4955410
4955408
4955409
4955410
4955408
4955409
4955409
4955410
4955410
4955408
4955409
4955410
4955409
4955410
4955409
4955409
4955410
4955409
4955409
4955409
4955410
4955408
4955412
4955408
4955409
4955409
4955410
4955409
4955410
4955412
4955408
4955410
4955408
4955410
4955410
4955410
4955409
4955409
4955410
4955410
4955410
4955410
4955411
4955409
4955409
4955410
4955411
4955408
4955410
4955409
4955410
4955411
4955408
4955410
4955409
4955410
4955409
4955410
4955410
4955411
4955409
4955411
4955408
4955410
4955409
4955410
4955410
4955409
4955410
4955411
4955408
4955409
4955409
4955410
4955409
4955411
4955408
4955409
4955410
4955410
4955409
4955409
4955411
4955407
4955410
4955410
4955409
4955410
4955410
4955409
4955409
4955412
4955408
4955410
4955409
4955409
4955412
4955410
4955407
4955410
4955410
4955410
4955409
4955409
4955410
4955411
4955409
4955434
4955385
4955409
4955411
4955411
4955409
4955409
4955410
4955410
4955409
4955410
4955410
4955410
4955409
4955410
4955410
4955412
4955407
4955410
4955409
4955410
4955410
4955410
4955409
4955410
4955410
4955409
4955410
4955410
4955410
4955409
4955410
4955410
4955409
4955410
4955411
4955408
4955410
4955410
4955410
4955410
4955409
4955409
4955410
4955409
4955410
4955412
4955409
4955409
4955409
4955411
4955410
4955408
4955410
4955410
4955409
4955410
4955410
4955410
4955409
4955410
4955410
4955410
4955411
4955410
4955409
4955409
4955412
4955409
4955410
4955410
4955410
4955410
4955410
4955409
4955410
4955410
4955410
4955410
4955410
4955411
4955409
4955410
4955409
4955410
4955410
4955410
4955409
4955412
4955408
4955409
4955412
4955407
4955411
4955409
4955410
4955433
4955386
4955410
4955409
4955411
4955409
4955410
4955409
4955409
4955409
4955412
4955407
4955409
4955411
4955408
4955410
4955409
4955410
4955410
4955409
4955410
4955410
4955411
4955407
4955410
4955410
4955410
4955410
4955409
4955410
4955410
4955409
4955410
4955410
4955412
4955410
4955408
4955410
4955410
4955409
4955412
4955408
4955410
4955410
4955410
4955410
4955412
4955410
4955408
4955410
4955410
4955412
4955408
4955409
4955410
4955410
4955411
4955408
4955409
4955409
4955410
4955410
4955409
4955410
4955409
4955410
4955406
4955410
4955407
4955408
4955405
4955403
4955404
4955404
4955404
4955403
4955403
4955404
4955405
4955402
4955404
4955404
4955402
4955401
4955401
4955401
4955401
4955402
4955403
4955399
4955401
4955401
4955401
4955400
4955402
4955399
4955424
4955373
4955397
4955399
4955397
4955397
4955396
4955397
4955398
4955396
4955398
4955396
4955397
4955396
4955396
4955396
4955396
4955396
4955396
4955396
4955395
4955396
4955396
4955395
4955396
4955395
4955395
4955395
4955396
4955395
4955395
4955397
4955394
4955395
4955397
4955395
4955395
4955395
4955395
4955397
4955395
4955395
4955397
4955395
4955396
4955395
4955396
4955396
4955396
4955395
4955397
4955395
4955396
4955396
4955396
4955396
4955396
4955397
4955395
4955396
4955396
4955396
4955397
4955396
4955395
4955397
4955395
4955397
4955396
4955394
4955396
4955396
4955396
4955396
4955396
4955396
4955396
4955396
4955397
4955394
4955396
4955396
4955396
4955395
4955396
4955395
4955396
4955396
4955396
4955397
4955395
4955395
4955396
4955396
4955396
4955396
4955422
4955371
4955397
4955396
4955395
4955396
4955396
4955397
4955397
4955394
4955396
4955396
4955396
4955396
4955396
4955397
4955395
4955397
4955397
4955395
4955397
4955396
4955396
4955396
4955396
4955397
4955396
4955396
4955397
4955397
4955397
4955396
4955396
4955397
4955398
4955397
4955396
4955397
4955397
4955397
4955397
4955396
4955398
4955396
4955397
4955397
4955397
4955398
4955397
4955396
4955398
4955397
4955397
4955397
4955398
4955397
4955398
4955398
4955396
4955398
4955397
4955398
4955398
4955398
4955397
4955396
4955399
4955397
4955397
4955398
4955400
4955396
4955398
4955398
4955398
4955398
4955399
4955398
4955398
4955398
4955400
4955397
4955397
4955399
4955398
4955397
4955399
4955398
4955398
4955399
4955398
4955398
4955399
4955398
4955398
4955399
4955400
4955407
4955388
4955399
4955398
4955399
4955398
4955398
4955399
4955398
4955399
4955398
4955398
4955399
4955398
4955399
4955398
4955399
4955399
4955398
4955399
4955398
4955399
4955399
4955398
4955399
4955398
4955399
4955399
4955399
4955399
4955400
4955396
4955399
4955399
4955398
4955399
4955398
4955399
4955398
4955400
4955398
4955398
4955398
4955399
4955398
4955399
4955398
4955399
4955398
4955400
4955400
4955397
4955399
4955399
4955400
4955399
4955398
4955399
4955400
4955399
4955399
4955399
4955400
4955398
4955399
4955400
4955398
4955399
4955399
4955401
4955397
4955399
4955399
4955399
4955399
4955399
4955398
4955399
4955399
4955399
4955399
4955401
4955397
4955398
4955399
4955399
4955400
4955398
4955399
4955399
4955398
4955399
4955399
4955399
4955399
4955398
4955399
4955399
4955399
4955398
4955407
4955390
4955399
4955399
4955399
4955399
4955399
4955399
4955399
4955398
4955400
4955398
4955399
4955399
4955399
4955399
4955399
4955399
4955399
4955399
4955400
4955398
4955399
4955399
4955399
4955400
4955398
4955399
4955400
4955399
4955399
4955400
4955397
4955400
4955399
4955399
4955400
4955398
4955399
4955399
4955399
4955399
4955401
4955397
4955399
4955400
4955399
4955400
4955399
4955400
4955398
4955399
4955400
4955399
4955399
4955399
4955400
4955399
4955399
4955399
4955400
4955399
4955399
4955401
4955399
4955399
4955400
4955399
4955401
4955398
4955399
4955400
4955399
4955401
4955399
4955399
4955401
4955399
4955400
4955401
4955397
4955400
4955399
4955400
4955401
4955398
4955400
4955399
4955400
4955400
4955400
4955400
4955400
4955400
4955399
4955400
4955401
4955401
4955398
4955400
4955402
4955410
4955388
4955399
4955401
4955399
4955400
4955400
4955400
4955399
4955400
4955400
4955400
4955401
4955399
4955399
4955400
4955400
4955400
4955399
4955400
4955401
4955400
4955400
4955400
4955401
4955399
4955400
4955400
4955400
4955400
4955400
4955400
4955400
