4955418
4955418
4955418
4955418
4955418
4955418
4955418
4955420
4955417
4955419
4955419
4955419
4955419
4955419
4955419
4955421
4955420
4955418
4955419
4955419
4955421
4955421
4955418
4955419
4955420
4955421
4955415
4955398
4955397
4955396
4955395
4955396
4955397
4955396
4955396
4955396
4955398
4955396
4955397
4955397
4955397
4955398
4955397
4955397
4955398
4955398
4955398
4955397
4955398
4955400
4955398
4955398
4955399
4955398
4955399
4955399
4955399
4955399
4955400
4955398
4955400
4955397
4955399
4955399
4955399
4955400
4955399
4955399
4955399
4955400
4955399
4955399
4955400
4955399
4955400
4955400
4955399
4955400
