4955249
4955249
4955249
4955249
4955251
4955245
4955180
4955171
4955173
4955178
4955162
4955037
4954938
4954864
4954778
4954733
4954743
4954799
4954723
4954720
4954702
4954703
4954692
4954658
4954626
4954499
4954481
4954441
4954430
4954396
4954406
4954389
4954391
4954393
4954391
4954390
4954390
4954386
4954380
4954328
4954308
4954289
4954361
4954346
4954198
4954180
4954181
4954171
4954199
4954194
4954193
4954198
4954203
4954190
4954200
4954216
4954226
4954220
4954148
4954158
4954164
4954172
4954177
4954181
4954185
4954182
4954188
4954192
4954195
4954195
4954202
4954193
4954201
4954200
4954234
4954243
4954257
4954330
4954369
4954364
4954362
4954362
4954367
4954378
4954376
4954372
4954373
4954373
4954375
4954378
4954381
4954381
4954382
4954388
4954393
4954395
4954398
4954389
4954378
4954370
4954376
4954380
4954386
4954393
4954399
4954406
4954410
4954414
4954419
4954421
4954421
4954426
4954429
4954431
4954437
4954444
4954453
4954463
4954473
4954479
4954478
4954484
4954495
4954506
4954520
4954533
4954538
4954539
4954533
4954524
4954533
4954524
4954433
4954442
4954451
4954453
4954448
4954448
4954472
4954447
4954402
4954395
4954395
4954401
4954405
4954411
4954411
4954408
4954409
4954413
4954418
4954422
4954423
4954424
4954425
4954424
4954419
4954417
4954410
4954412
4954415
4954422
4954433
4954427
4954415
4954416
4954418
4954405
4954429
4954384
4954416
4954421
4954425
4954432
4954428
4954418
4954410
4954409
4954414
4954417
4954416
4954411
4954405
4954404
4954407
4954409
4954414
4954417
4954420
4954424
4954426
4954429
4954423
4954415
4954414
4954417
4954419
4954426
4954427
4954435
4954442
4954449
4954441
4954428
4954421
4954419
4954423
4954422
4954427
4954429
4954431
4954434
4954439
4954438
4954442
4954443
4954448
4954448
4954441
4954443
4954444
4954421
4954416
4954427
4954441
4954453
4954459
4954426
4954395
4954388
4954393
4954404
4954406
4954408
4954414
4954420
4954427
4954432
4954427
4954417
4954418
4954419
4954424
4954428
4954433
4954428
4954417
4954418
4954423
4954420
4954419
4954420
4954422
4954423
4954422
4954423
4954415
4954415
4954420
4954424
4954429
4954432
4954428
4954430
4954433
4954438
4954435
4954450
4954424
4954444
4954450
4954440
4954423
4954423
4954427
4954428
4954431
4954433
4954431
4954429
4954428
4954428
4954429
4954434
4954441
4954443
4954447
4954452
4954452
4954443
4954434
4954428
4954428
4954430
4954435
4954442
4954446
4954439
4954423
4954425
4954428
4954431
4954433
4954435
