4955162
4955159
4955161
4955161
4955161
4955161
4955159
4955160
4955161
4955160
4955160
4955159
4955160
4955160
4955161
4955160
4955161
4955159
4955158
4955153
4955150
4955031
4954950
4954953
4954955
4954959
4954955
4954959
4954959
4954960
4954960
4954961
4954960
4954962
4954962
4954964
4954963
4954962
4954963
4954962
4954964
4954964
4954964
4954970
4954969
4954982
4954991
4954965
4954944
4954898
4954830
4954673
4954447
4954393
4954365
4954327
4954324
4954325
4954308
4954301
4954290
4954293
4954303
4954344
4954297
4954282
4954428
4954483
4954387
4954319
4954291
4954284
4954307
4954299
4954301
4954213
4953772
4953752
4953748
4953735
4953721
4953752
4953764
4953788
4953796
4953779
4953776
4953782
4953793
4953789
4953784
4953791
4953792
4953792
4953788
4953786
4953785
4953649
4953471
4953483
4953465
4953451
4953445
4953444
4953448
4953448
4953455
4953453
4953450
4953452
4953454
4953457
4953463
4953468
4953475
4953480
4953482
4953418
4953246
4953192
4953129
4953132
4953134
4953139
4953305
4953147
4953154
4953126
4953128
4953121
4953144
4953103
4953089
4953107
4953129
4953147
4953162
4953174
4953169
4953126
4953122
4953117
4953106
4953100
4953097
4953095
4953095
4953101
4953106
4953108
4953104
4953101
4953104
