4955233
4955233
4955233
4955233
4955234
4955234
4955233
4955233
4955235
4955231
4955232
4955231
4955230
4955228
4955226
4954578
4953966
4953975
4953959
4953956
4953954
4953971
4953975
4953957
4953970
4953934
4953970
4953956
4953948
4953940
4953939
4953937
4953948
4953956
4953964
4953973
4953978
4953986
4953993
4954000
4954005
4954007
4953986
4953991
4953995
4953998
4954003
4954011
4954019
4954025
4954026
4953941
4953917
4953918
4953921
4953920
4953919
4953919
4953918
4953918
4953919
4953922
4953924
4953930
4953936
4953939
4953939
4953931
4953926
4953925
4953925
4953931
4953939
4953947
4953951
4953953
4953947
4953942
4953943
4953940
